ID	activated cytotoxic Tcells (CD8+ HLA-DR+)	activated helper Tcells (CD4+ HLA-DR+)	B cells (CD3- CD19+)	central memory cytotoxic Tcells (CCR7+ , CD45RA-)	central memory cytotoxic Tcells (CD95+ , CD28+)	central memory helper Tcells (CCR7+ CD45RA-)	central memory helper Tcells (CD95+ CD28+)	Classical monocytes (CD16- CD14+)	cytotoxic Tcells-CD8+	DC (HLA-DR+)	DC NK (CD20- CD14-)	DC NK MONOCYTES (CD3- CD19-)	effector cytotoxic Tcells  (CCR7-  CD45RA+)	effector helper Tcells (CCR7- CD45RA+)	effector memory cytotoxic Tcells (CCR7- , CD45RA-)	effector memory cytotoxic Tcells (CD95- , CD28-)	effector memory helper Tcells (CCR7- CD45RA-)	effector memory helper Tcells (CD95- CD28-)	EM1 cytotoxic Tcells (CD27+  CD28+)	EM2 cytotoxic Tcells (CD27+  CD28-)	EM3 cytotoxic Tcells (CD27-  CD28-)	EM4 cytotoxic Tcells (CD27-  CD28+)	Helper Tcells-CD4+	IgD- memory Bcells (CD27+)	IgD+ memory Bcells (CD27+)	Live cells (PE-)	Live immune cells (CD45+ PE-)	Live Single immune cells(FSC-H/FSC-W)	Live Single PBMCs (SSC-A/FSC-A)	Lymphocytes (SSC-A v FSC-A)	MONOCYTES (CD14+)	Myeloid DC (CD11c+ CD123-)	naive Bcells (CD27- IgD+)	naive cytotoxic Tcells (CCR7+ , CD45RA+)	naive cytotoxic Tcells (CD95- , CD28+)	naive helper Tcells (CCR7+ CD45RA+)	naive helper Tcells (CD95- CD28+)	NK (CD16+)	NK CD56HI	NK CD56LO	Non classical monocytes (CD16+ CD14+)	pE cytotoxic Tcells (CD27-  CD28-)	pE cytotoxic Tcells (CD95-CD28-,CD27-  CD28-)	pE1 cytotoxic Tcells (CD27+  CD28+)	pE1 cytotoxic Tcells (CD95-CD28-,CD27+  CD28+)	pE2 cytotoxic Tcells (CD27+ , CD28-)	pE2 cytotoxic Tcells (CD95-CD28-,CD27+ , CD28-)	Plasmacytoid DC (CD11c- CD123+)	Single Cells (FSC-H v FSC-W)	Tcells (CD3+ CD19-)
F1630927	1072	1688	14015	14008	18109	21445	29788	26853	21440	2919	24312	60551	1410	20126	4866	1609	6490	62	2656	251	317	1642	64269	35	937	109537	382783	367102	322169	111614	26986	1488	12655	1157	1715	16209	34382	10157	111	9990	133	561	280	397	405	395	91	1034	111111	89508
F1630929	1142	1345	3558	2030	5732	18574	31373	13388	22838	1782	48996	69556	14269	2293	2959	12896	14350	2395	1396	215	1121	227	68538	100	87	136502	350813	338374	300583	138152	13944	1316	3024	3581	3688	33322	34770	32782	36	32457	556	10600	1968	2388	1369	1127	214	333	137973	99946
F1630930	1169	923	7385	1353	5450	23007	32687	18851	23370	2338	9031	33958	15786	3949	1572	14144	7666	298	1019	285	172	96	61886	1511	557	119669	114245	109532	96037	121062	19276	1661	1553	4660	3743	27265	28899	5251	32	4978	425	10923	2149	2441	2883	2208	365	526	120692	88600
F1630932	2811	880	5835	6660	9115	26459	39267	319	56217	224	4876	5619	33589	1069	15353	46662	7246	728	1626	1336	11926	465	45246	253	292	175200	29065	28162	19897	177186	387	172	4679	616	402	10473	5250	3963	2	3925	68	27581	21265	3145	2067	2091	1009	38	176589	108062
F1630933	4329	1265	5595	3656	15584	19837	32212	13041	86568	11776	61710	86924	68990	1177	2355	68904	6833	285	1078	249	430	598	34478	620	1629	171238	494133	476273	334763	175105	14380	4591	2775	11568	1726	6632	1980	35813	285	33904	1339	27221	7172	9008	27732	32144	7699	6053	174433	127927
F1630934	1336	730	1949	2493	8665	17055	21274	2805	26720	2765	26849	34177	19332	609	2477	13961	4491	708	955	290	1102	130	32169	278	690	114398	171498	163790	149370	115532	2883	1658	749	2419	4067	10015	10185	19971	116	19514	78	15946	6653	1893	493	1139	513	592	115175	65426
F1630951	2060	694	3913	4547	16270	19030	29195	18843	41194	8783	50619	79669	33549	944	3097	19629	14424	1964	2456	147	116	378	43266	49	1325	144280	252168	243398	228997	145618	20038	2534	2363	2	5238	8869	12101	39773	215	34661	1195	17882	8237	11938	1260	1575	337	5741	145134	94883
F1630971	1692	933	2117	1279	5116	28912	47658	50057	33834	3102	28776	90556	30471	2296	1157	27972	28451	9569	745	43	200	169	82253	1040	73	158968	431970	417349	372862	163332	52125	1237	350	928	690	22595	25006	21360	81	20352	2068	26485	12140	2271	970	1202	345	1555	162895	134462
F1630972	1271	1557	14034	16357	15674	24457	34203	28858	25420	6326	55377	115498	3188	2155	5325	8366	8763	183	2472	520	1425	908	84419	1110	1269	185489	471869	439437	356201	188596	29793	4489	10046	551	1359	49045	50032	16098	22	15756	935	602	1752	545	1500	81	310	1233	187269	127774
F1630978	609	1741	3182	1844	6785	38403	54591	31804	12177	7334	48265	89065	5746	9633	1724	3508	19554	10081	1210	162	170	182	123537	619	372	177652	405248	396891	358564	180298	32138	5795	1761	2864	1873	55948	58824	29788	191	28648	334	2344	873	2083	663	683	154	941	179815	151183
F1631001	2805	1808	5679	1986	11170	26046	36616	30265	56099	4158	41351	80780	51410	3630	1977	37366	8802	1777	1135	375	323	144	79719	174	284	175894	338086	319048	286541	177443	30654	3242	4835	727	7497	41242	41323	32727	100	30902	389	44010	17866	2473	1515	4493	1905	507	177062	139395
F1631012	251	1599	11437	839	2928	13020	16308	42201	5014	5277	69215	139478	2314	1226	229	693	4297	12	180	9	4	36	55202	1068	970	136499	343426	335577	285395	139295	49628	3737	8135	1633	1390	36660	38878	33292	12	32313	7427	778	94	1011	254	450	107	892	139020	62210
F1631025	1767	779	9330	19308	2756	14245	18321	15602	35339	8227	30910	48397	8339	214	7612	31679	14879	7505	236	793	6523	60	32621	137	1449	97820	240589	232703	180492	99362	15922	4709	7521	81	845	3284	6777	17860	92	16942	320	7918	7484	25	1705	383	644	2764	99202	71272
F1631048	358	423	5097	1484	5106	5115	6480	31872	7141	1604	40998	84210	1600	345	3843	1331	1621	45	3443	125	14	261	11379	149	91	45625	336815	310679	194069	46865	32923	1152	3993	215	697	4299	4851	9072	60	8985	1051	13	26	1303	1003	67	209	203	46621	20728
F1631063	2219	426	9816	14589	20805	33143	38801	43755	44375	2514	70236	126261	2377	1082	10810	3565	10537	18	8264	751	461	1334	62268	874	986	165189	382297	368237	333210	166891	45263	1436	6921	16600	20004	17507	23449	48749	2901	48342	1508	461	512	1237	1573	603	968	880	166439	113113
F1631075	1345	1053	6452	3576	8509	15080	19022	12950	26894	6667	44354	66422	18696	1099	3328	16602	4812	558	1790	170	840	528	52005	607	1335	119489	388028	374439	313951	120898	14569	5172	4070	1295	1743	31015	32425	27404	29	26449	1619	13895	8144	2672	1142	1337	454	402	120712	82851
F1631079	2270	1182	9849	21987	16634	20647	36535	10730	45399	2674	24714	50166	9628	2391	8216	21792	18142	2816	2771	315	4326	804	67218	866	1305	181107	415353	386219	358528	182626	11071	1960	6682	5569	6916	26039	27857	14753	279	14199	341	2438	5829	980	1839	153	401	527	182454	149601
F1631121	624	1005	4451	3088	7581	40017	52981	53302	12477	1733	27260	91140	4224	692	2251	2255	12519	125	1905	141	27	178	70837	559	592	119792	266200	259544	218336	120979	56214	1198	2494	2915	2638	17610	17731	19287	134	18889	2912	1229	506	1178	628	1724	665	364	120655	87356
F1631141	779	1896	10516	4096	9732	29806	61431	40597	15569	7702	51155	103621	4275	13247	6008	3774	18995	58	4988	392	239	389	69224	379	872	149780	327826	308559	277688	152612	41683	6476	8591	1191	2052	7177	7735	32221	1274	30215	1086	1660	940	1081	1087	1498	769	604	152144	91096
F1631145	860	1197	584	2811	6546	6976	14242	20510	17200	3848	28996	54063	7985	5632	1264	7282	6222	4966	686	26	143	409	21233	19	195	91905	140733	135661	114963	93914	21195	2825	332	5141	3350	2404	2019	21277	17	17917	685	5042	3474	1305	210	485	137	468	93285	48765
F1631158	985	4456	16221	1560	6679	50119	57710	15289	19696	4592	24962	45057	7282	3703	477	3951	9728	741	285	30	100	62	199213	458	449	273917	401161	387317	363626	276128	15449	3394	13976	10378	9055	135664	140759	14491	23	13957	160	4107	1611	1834	520	1209	414	579	275445	227715
F1631169	1268	1333	7656	8329	13535	39895	61333	13033	25344	6640	72415	96985	5435	4417	10957	8643	13853	92	6350	2167	600	1840	78098	333	939	176835	434457	409612	366225	179943	14119	5001	5855	624	3140	19934	16673	56206	87	55371	1086	3048	1664	523	3763	1799	1143	1142	179757	115268
F1631177	3156	585	6977	17803	27526	25773	31292	48492	63109	10246	49901	123563	36145	2342	5531	31177	6052	1596	4111	228	292	900	46322	3478	1260	156832	337443	333385	278015	159662	48710	6905	1476	3631	4359	12156	13426	28242	159	27619	218	16646	7360	4651	8416	14154	5768	1663	159421	117935
F1631183	782	1329	30333	3342	8060	50833	73785	30978	15636	3699	43892	86082	11020	7142	1269	5453	18879	39	892	15	10	352	80588	10836	678	183187	477822	442670	371409	185465	32204	1823	7935	6	2091	3735	6763	25798	313	25370	1226	1804	213	4862	3187	3370	323	959	184541	101330
F1631195	830	1603	31780	4202	6731	21308	33883	17363	16591	5311	31185	55304	7666	3204	1542	7870	8032	192	523	647	302	70	105108	75	1226	165588	315280	297895	270931	166786	17615	3102	29346	3182	1968	72565	71031	19976	57	19275	252	3992	491	1351	2987	2220	390	652	166500	125179
F1631198	1486	3364	9449	6407	11556	28908	39667	8746	29720	1747	18163	31020	10224	770	12239	14068	10178	618	6919	3775	1163	382	53957	645	1366	130764	236891	227411	198414	135848	9023	1264	6891	851	4083	14102	13666	9362	316	9186	277	841	1359	6488	8245	874	1615	243	135584	93686
F1631199	1280	2802	4432	10799	18566	14143	27639	46990	25581	8169	55940	119271	1905	3224	11061	3060	9540	40	9002	831	251	977	58360	183	240	111631	454052	438762	374485	113281	48156	6293	3635	1817	3950	31454	30640	39196	9	36942	1166	354	430	886	1130	647	1174	815	112577	86979
F1631207	2891	2232	9618	3701	30774	22273	35878	25363	57815	2466	58866	93707	48550	5819	2384	23295	12462	5915	1384	33	95	872	73286	940	1016	183330	438813	419518	367247	185699	27622	1688	6676	3181	3715	32733	31483	38324	315	38030	2259	34141	8817	7014	1715	6111	1272	390	184917	138855
F1631213	264	237	17367	1721	2662	15442	19550	32094	5268	1794	22155	63801	505	770	473	322	4488	51	368	17	2	86	52744	271	971	96139	314182	305669	236992	96921	33170	877	15194	2570	2283	32045	33143	6982	30	6898	1076	33	38	292	125	73	114	633	96687	59294
F1631230	491	453	5402	877	3821	24175	30846	137	9807	14	447	637	6877	1409	713	4799	8262	1584	626	41	22	24	44627	102	97	72997	5625	5503	3282	73680	142	8	4704	1341	1168	10782	12195	305	0	297	5	3992	609	1982	706	743	165	3	73507	57095
F1631232	808	814	10673	844	6379	32101	53068	36832	16158	9320	24733	77247	10714	787	1022	8597	4870	82	855	78	23	66	68298	716	881	136721	365779	358876	331905	140294	37550	3585	8000	3579	1170	30541	15148	3675	0	3262	718	6741	1363	1976	1670	1822	218	458	140095	88617
F1631239	1774	1272	11959	12621	9928	23825	43119	26946	35466	6098	79886	117452	15687	1927	4293	24592	20432	2441	359	281	3243	410	57358	1311	1915	236176	419465	384676	331228	238063	27899	4179	7198	2866	898	11175	11794	67184	205	65733	953	11881	10483	2007	1141	877	493	643	237649	100078
F1631259	3958	2025	24243	3148	12541	39810	55792	40471	79153	7501	15317	66649	66280	12283	4416	61613	20205	13771	2909	857	390	260	112593	1330	1125	299164	565981	547653	479988	302858	41155	4518	19831	5310	4877	40296	43009	2193	7	1822	684	36486	15911	6716	15518	22577	8981	2397	302183	262927
F1631271	807	940	7399	1356	3240	19114	19933	24834	16135	5224	14291	44362	7949	66937	496	8179	6096	319	311	8	17	160	142533	214	2339	180677	424311	405932	380105	182206	25470	4082	4670	6335	4705	50387	122280	6937	4	6786	636	6721	721	494	1347	666	114	678	181494	164110
F1631273	1538	1208	14550	744	12989	28704	37679	18673	30751	7345	36848	67475	27178	4226	720	15404	8801	3099	587	47	20	66	72460	735	1520	156594	308712	302210	265103	158857	22025	5938	11245	2110	2309	30730	31672	21808	110	20420	3352	10247	2955	8376	4629	6231	897	1047	157872	110577
F1631286	1237	637	3697	351	5762	13124	15351	8111	24732	3075	28070	38721	19934	408	2721	14351	7379	3965	366	107	2015	233	27097	335	637	78975	205536	202655	134346	82811	8451	2137	2343	1727	4591	6187	7771	16973	54	16520	340	16447	4151	997	810	1986	412	515	82551	56647
F1631306	459	829	4024	714	3324	6782	8696	19012	9179	6025	29435	59516	4648	2358	790	3182	1922	435	693	38	3	56	56084	110	351	91817	196597	189794	152877	94762	19093	3816	3272	3028	2669	45023	46952	11532	11	10602	81	2853	1555	1156	277	449	142	1486	93742	67109
F1631310	1368	3927	2937	10134	17375	16358	24702	39295	27345	2909	66264	123802	7933	4280	7654	8432	12693	8040	5088	360	895	1311	48352	435	544	143612	313310	304857	256856	145868	40864	2007	1605	1625	1520	15022	15600	45292	55	45093	1569	2850	1088	828	3264	4157	1300	448	145648	83677
F1631318	1622	1915	18508	13763	22941	18347	32725	13265	32434	6262	57710	89894	2310	1647	13316	5876	11532	147	8064	2507	1229	1516	56118	592	366	183156	415865	393317	344936	185531	14503	4223	15835	3046	3596	24593	23243	33801	21	32263	1238	98	342	1389	3387	146	436	1354	185046	105013
F1631324	1764	4195	18702	11089	20916	29341	59401	14180	35262	6588	38211	68561	3448	9706	17798	8316	23605	6570	8691	352	5645	3110	81376	1891	2310	183210	430321	413011	368964	185873	15032	5340	12435	2928	6001	18725	15344	19620	37	16737	852	2012	2972	890	565	283	146	350	185578	131887
F1631333	2726	2265	5994	2344	14365	28903	50819	27577	54509	8420	51059	89921	40799	9336	2534	31809	19851	6355	1990	37	88	419	82756	478	800	178832	421642	401415	371922	180497	28085	6769	3992	8833	8242	24667	25572	37237	896	35208	508	28269	10101	7457	2776	3316	1220	869	180393	144541
F1631336	740	1770	4772	6314	9766	30331	34515	17247	14791	6199	40580	74066	2390	766	3925	2492	7627	57	3177	156	138	454	65829	224	908	125473	299892	289784	255577	129054	18071	5103	2273	2163	2521	27106	31257	26329	49	25781	824	1333	647	346	647	686	275	404	128631	85034
F1631337	400	1151	4843	2382	4583	31117	39359	35018	7995	6359	90027	139312	1253	2651	1862	1074	10686	133	1575	64	37	186	99203	375	223	180308	371988	362192	334008	182249	42010	4410	3686	2499	2337	54750	59703	67971	834	67309	6992	94	183	882	403	163	326	1232	181734	109877
F1631338	1584	1061	23211	1934	11850	14356	19955	34054	31662	16690	45763	108865	23755	1507	3861	16341	4687	1139	596	128	2580	557	32680	57	1365	107918	354254	337511	261925	110053	35229	10108	21380	2113	3436	12131	11576	21108	142	20287	1175	21601	5176	1052	162	542	89	4438	109639	70399
F1631342	4213	1626	22646	13447	33703	33126	44586	14687	84252	2091	35710	74327	9307	77316	30635	16545	14957	140	21204	6734	1437	1260	178723	2286	3020	350118	541764	509831	425821	353896	14985	1528	14334	30864	33951	53325	133996	26979	229	26571	298	4424	1873	889	7640	3909	3051	303	353257	293420
F1631347	1605	1008	15739	466	1689	6215	11047	20051	32081	3663	47711	75038	30121	6842	475	28827	2069	4185	185	21	49	220	53007	24	868	120990	449783	435279	366244	122640	20278	2762	14631	1020	1478	37882	37754	30691	81	30407	227	27182	5608	843	1460	1827	304	407	122236	95553
F1631379	1798	853	9026	1834	7700	18035	23477	21040	35955	4827	61101	90415	19441	2435	1978	13618	6076	37	798	95	881	204	95521	624	760	177170	583480	558631	475302	179060	21396	3121	6871	12703	14603	68976	72006	45565	89	45064	356	9855	4280	6032	2392	2864	594	1062	178621	139190
F1631380	3901	2014	488	2940	11137	19669	28337	3363	78012	3661	18439	43872	30940	8102	1220	37027	5001	4970	733	232	137	118	46020	38	283	223284	409771	390488	357394	229179	3415	1526	140	42913	29757	13249	12705	16288	14	14627	52	19861	19581	4273	2666	4647	5364	1978	227421	188270
F1631389	4267	658	3695	661	16299	15004	36902	9170	85340	3436	8736	23592	36313	25030	138	67383	8337	14494	104	1	10	23	57147	605	1036	175618	421328	385663	344604	179294	9291	2848	1282	48229	1183	8777	5712	3299	59	2810	121	33104	46509	682	972	1660	2897	503	179045	159615
F1631402	382	1534	11600	1184	4089	35299	47717	37025	7634	3417	75217	127483	2643	3873	1140	1477	12525	12	949	115	10	66	127608	531	450	185181	451879	435928	378754	186767	38914	2123	9825	2668	2064	75912	79879	60487	114	58863	1889	321	139	981	647	1274	555	948	186538	136670
F1631959	600	412	5906	604	1129	10419	11094	14703	11988	11375	58321	94413	10569	824	418	10267	2325	489	242	51	67	58	32980	89	218	111690	292075	282974	209782	113477	17684	9292	5124	398	536	19413	21395	41562	83	39401	2981	9899	6580	407	138	162	112	674	112873	50726
F1631969	1374	1754	8331	3137	17535	20301	29689	10116	27473	3875	60659	83187	22091	2737	1007	7973	7179	235	420	164	184	239	76058	1286	617	180005	395633	382518	267194	185088	11644	1565	5057	1239	1923	45842	46130	45448	185	43671	1528	14788	2300	2564	999	4223	529	1968	183988	108912
F1631986	4166	1300	9844	7036	51662	22181	45090	48776	83306	5527	23764	93636	27689	3893	2448	28127	32321	11608	812	214	1176	246	63133	2514	1554	187967	436889	415699	355225	189873	49382	4254	4759	46134	3451	4739	6402	11657	178	10895	606	23772	11457	1745	473	1166	349	721	189196	155971
F1632020	573	1215	1128	1679	4059	8553	12895	12746	11458	1655	9323	27931	5285	1095	534	3509	2847	2	390	55	16	73	45963	89	40	63614	219244	213660	159206	64272	12844	1046	860	3961	3884	33469	33066	4413	20	4358	98	1869	201	1769	1343	1494	159	417	64168	59005
F1632025	2579	1400	15038	1746	7368	77067	89311	31434	51564	7937	62710	106905	37574	5426	586	31473	26278	633	541	6	9	30	192532	1302	1086	384375	475694	469363	317659	389827	32419	5261	10589	11659	12638	83762	102579	47576	305	45250	985	19245	8380	6668	8314	11329	4121	2031	388950	273330
F1632042	4156	831	4478	5478	29768	12061	25217	23595	83106	3968	69645	110310	73000	5614	3812	47067	4200	1206	537	242	2726	307	32249	230	78	165975	473611	452603	353740	167778	23893	2680	3330	817	6191	10375	5825	58538	46	57363	298	24765	26161	1799	329	129	425	668	167330	119632
F1632045	2144	1026	437	2562	5724	17069	28070	69983	42874	3069	50348	152650	37084	2848	2258	36309	6099	5	1281	228	322	427	29376	22	3	137296	390646	375920	310754	138800	83710	2428	47	971	788	3361	1301	31609	161	30897	13727	31279	9448	1466	3497	4226	1247	361	138410	81048
F1632049	1378	1601	3904	2865	6328	26136	40443	11322	27546	5102	116191	139475	16615	5638	4956	18781	16500	6105	1256	231	2868	601	84016	751	910	231629	447292	428682	355277	234948	12407	3501	1847	3111	2385	35743	37457	101164	286	100811	1085	14421	8239	1084	800	890	440	886	234611	118835
F1632077	533	1338	10629	3623	6888	21287	26320	10483	10651	1112	24382	41095	2066	2667	3447	1644	4838	263	3005	214	107	121	118733	353	341	174861	272102	264010	227499	176179	10707	720	8654	1516	2109	89942	92149	13804	146	13609	224	52	91	1563	1020	163	230	268	175944	134934
F1632087	2460	615	14681	2701	25266	39699	63817	5507	49199	2732	25828	38463	43163	7913	537	14284	15520	2904	411	16	19	91	88337	4200	2115	182142	416128	401859	367857	183758	5794	1944	5820	2799	9627	25206	21610	16677	27	16382	287	24280	6448	10909	571	2846	438	552	183178	147634
F1632098	803	891	8081	6397	7506	54266	87921	10386	16041	1364	20479	39302	3188	38882	2214	4273	17468	14410	947	94	901	272	128706	885	544	183901	436818	419895	371275	185081	10433	968	5287	4243	4253	18091	26350	15162	38	15099	47	448	789	936	640	76	131	163	184822	163639
F1632120	1031	1741	9604	1199	13179	10282	16177	49591	20616	2038	8673	73377	16406	2407	837	4373	5942	1503	578	15	32	212	54024	1040	989	106473	251871	233052	197171	108083	49981	1251	5823	2175	3057	35394	36336	4151	5	3846	390	11416	607	2529	711	2255	171	439	107405	84552
F1632142	2229	5057	9757	1187	3975	24709	34698	23144	44578	5422	26739	67492	40314	9653	1085	39386	6569	8162	236	20	569	260	93415	122	322	180064	457407	430989	365942	184265	23721	4198	9004	1993	1093	52485	50539	16695	374	15564	577	37438	20754	1549	752	902	159	688	183764	146348
F1632157	3273	2024	4836	13130	25631	49673	59483	25769	65450	6247	40591	78188	29782	1106	10967	37179	13849	4160	2914	509	5983	1561	78075	5	566	186265	412851	398360	359458	189283	26079	5167	4245	11572	2583	13448	14429	28022	2	25638	310	23037	17596	2848	2098	2719	1626	452	187733	158563
F1632162	2459	2243	1599	372	19083	9869	13704	27320	49176	3901	32818	90347	45838	876	811	25198	3259	152	533	100	45	133	38344	83	189	129547	382338	369197	287543	134386	27836	2946	1183	2156	4850	24341	24488	11087	9	10840	516	10134	10168	14597	3100	2768	2861	508	133942	92171
F1632239	1047	1926	10705	7633	16015	29629	43987	9370	20939	8802	38433	55026	9379	2019	2665	2362	9974	58	984	1405	165	111	75392	469	505	176991	316019	300998	265724	178707	10252	7619	8943	1263	2557	33771	31347	24067	239	22842	882	79	116	7859	1338	378	678	750	178485	112505
F1632263	1937	1713	6237	1488	16585	23611	29039	2510	38739	745	33065	37185	26249	2014	4182	18010	5638	1759	3	12	2562	1605	98341	14	13	205316	145857	139152	122399	206996	2603	466	5033	6821	4103	67079	67538	28127	27	24934	93	24018	6638	0	0	1	1	195	206847	139478
F1632296	1900	2143	35693	1587	7883	58945	72762	4906	37996	2319	46090	55089	23472	9199	992	21016	11418	4096	626	129	116	121	235695	2958	1137	361323	536240	527961	483429	366199	5096	1375	27116	11946	8940	156134	158756	33871	207	33061	190	13445	3247	3202	5815	6586	1553	656	365764	278552
F1632297	1430	862	4603	2930	15610	26570	35106	22293	28587	5724	33585	66396	9240	2561	1439	4413	9103	150	1094	61	77	207	127712	636	467	181078	594568	583898	374401	183518	22863	4108	2806	14979	8550	89479	92456	22733	133	22397	570	3689	1999	3265	476	1644	629	1071	182692	163247
F1632312	895	620	7587	188	4644	6750	10975	19637	17897	2137	14601	46434	15923	2572	493	11620	5692	2323	415	8	8	62	24230	1422	1423	75868	260527	255311	155131	77737	22353	1111	3331	1294	1601	9217	10916	7068	19	6129	2716	4108	4198	4388	1752	1605	1585	671	77341	51424
F1632314	1031	759	9338	6095	9835	12877	17927	21340	20609	3891	47078	97162	5626	394	5864	8936	4508	20	1725	984	2260	895	22428	678	454	86860	277999	273308	219655	88037	24859	2768	7203	3025	1828	4650	4481	21209	205	20986	3519	2164	1597	490	3169	2932	963	687	87671	46100
F1632315	1222	2689	4557	4712	14040	28673	41379	23545	24436	10845	41809	78497	15067	6572	2803	8538	10256	5020	1375	21	289	1118	113238	184	332	165023	443515	423622	321447	167922	23786	8600	3592	1855	1845	67738	66837	22853	326	22521	241	12066	3958	1707	207	927	164	1376	167091	143991
F1632321	1066	849	15321	1182	4984	36864	54459	3185	21302	2433	28064	40200	15937	17549	308	12659	13025	12180	2	0	13	293	128968	28	60	236063	446196	430307	371757	238194	3222	1489	13526	3876	3619	61531	62300	17285	54	16994	37	12528	3051	1	2	2	0	496	237925	201943
F1632329	362	656	2536	966	3546	7282	16295	4083	7225	1875	17199	23124	4558	4287	619	3404	5961	2378	392	41	67	119	21554	87	187	47150	111711	108453	97359	47680	4187	1393	2080	1083	264	4025	2868	13219	168	12574	104	2838	1098	979	342	365	130	207	47517	30867
F1632345	260	11	1573	376	2625	1161	4118	6405	5193	1814	12186	27738	3190	644	283	2267	2829	533	197	8	16	62	5062	22	37	26173	106278	104473	46844	26788	7342	497	1321	1345	292	429	411	9561	22	9446	937	2421	964	250	152	410	116	241	26473	11522
F1632354	2144	1409	5031	21386	12676	20689	27928	11846	42878	2389	49697	70377	10628	7442	6004	26629	7434	10933	209	86	5590	119	44486	538	143	152442	378326	352554	297874	153562	12231	1363	3059	4861	3495	8922	5569	35997	258	35691	385	9583	14579	332	369	629	318	801	153389	96191
F1632365	1035	2150	4580	7510	11109	40556	56628	19265	20695	3708	57009	85726	1840	3479	2329	1008	14617	345	1960	91	32	246	98138	539	661	180524	432228	403762	355978	183556	19768	2599	3115	9017	8577	39487	41164	40967	11	40157	503	100	174	1131	387	165	311	653	182951	128911
F1632368	867	376	3898	6130	7276	20145	33624	26200	17327	7352	36807	79355	4357	2576	6106	9298	8097	43	2190	1890	1644	382	49458	183	337	129974	295914	284445	260766	131617	26532	5567	3121	735	741	18641	15788	21082	686	19562	332	1431	2160	512	3048	2396	2233	1074	131390	87648
F1632377	1535	2078	10255	2807	5516	20483	29191	17008	30688	2278	26011	58998	13188	2616	10860	21537	5013	239	1736	647	8232	245	94095	61	1260	182024	394583	382023	355145	184770	17233	1413	8840	3834	3580	65984	64654	15109	71	14873	225	10510	9005	631	1719	2008	1097	338	184247	134081
F1632400	1180	1043	4300	5686	13962	32636	54994	9442	23585	1141	15457	29884	9288	569	3855	4270	25097	39	3015	219	90	531	72513	797	832	122894	201481	192981	181378	124143	9542	766	2198	4757	5340	14212	17478	9569	2	9409	100	1842	513	4205	1846	2593	649	208	123807	102516
F1636482	282	1753	2873	1213	3479	13428	20539	36275	5640	6137	69962	121657	3192	1169	752	1699	8525	2550	275	57	270	150	43507	149	148	113972	297571	276188	239889	115612	37322	4058	2360	484	455	20386	20410	54807	330	53622	1047	2508	564	369	85	218	46	1233	115218	52278
F1636492	2583	1648	5390	4032	20178	40669	58429	29185	51649	5008	26908	63663	37405	4362	4093	26956	13128	1608	3194	355	209	335	96069	1450	1151	182373	407771	386550	359422	184102	29430	3415	2152	6120	4479	37911	36030	14369	162	13567	245	17448	10058	8976	4662	9651	4870	1015	183754	153236
F1636523	1309	727	9182	1325	4275	32807	40993	20806	26177	2644	38964	64594	19568	4297	1579	18539	7687	135	640	83	730	126	109229	711	779	179194	373477	359729	333887	180761	21205	1664	7005	3706	3328	64439	68101	31123	57	30795	399	15210	4109	1832	2165	2310	422	792	180539	137749
F1636528	2173	538	5150	846	15513	7588	11876	16334	43441	1722	17626	39910	40261	206	1807	23131	4775	624	492	190	935	190	16107	396	576	104167	175703	166566	140188	105099	16904	1114	3803	528	4766	3539	3606	12701	39	12004	570	30630	7448	2938	1940	5305	1036	188	105019	72512
F1636535	1914	2453	3270	15444	23627	24821	38868	28553	38273	3504	106360	141355	4304	1733	11242	5247	15829	2447	8410	253	1431	1148	65428	815	309	180959	411883	399190	372130	183223	29745	2260	1643	7284	9379	23046	24110	88772	160	88369	1192	2971	1307	749	718	552	208	612	182565	109777
F1636541	4223	1253	13442	3053	30400	41434	79259	5010	84447	2771	60425	73401	64096	12884	1634	48889	33585	13032	1080	52	202	300	106759	1092	1478	319936	343718	333381	286200	322120	5433	1778	9405	15665	5052	18857	14447	49934	76	49361	423	46180	22532	5744	4090	10063	3392	768	321863	203108
F1636560	987	977	13698	1759	9522	57972	77213	3937	19733	2374	26310	46834	9899	6588	526	4620	19714	2844	414	8	7	97	117030	632	569	177911	435806	421893	371509	179466	4233	1430	11182	7550	5572	32757	36967	16953	97	16013	296	3474	1138	3886	1036	1907	374	573	179155	145260
F1636619	1349	733	5540	2819	4966	10216	20413	32487	26964	11305	45169	88745	21937	8134	1061	20240	21175	16981	357	161	480	63	90370	781	659	178036	469802	436407	370880	180265	33533	9437	3498	1148	1696	50846	52943	31202	212	26803	1046	17233	11162	2779	1219	1593	705	916	180020	136839
F1636659	748	806	4328	1652	4034	6192	11646	11789	14944	3486	18966	38814	5056	1247	7869	9828	5482	376	2086	755	3986	1042	28374	21	792	64424	197476	189276	126170	65199	12111	2428	3420	368	1048	15454	16351	7920	51	7520	322	1054	3051	683	1171	177	516	653	64889	46302
F1636742	1623	3061	8710	7058	9270	56377	63515	28289	32445	3406	31348	68616	18871	8191	1683	11304	9349	3603	931	248	205	299	218685	341	581	288669	416419	406099	380697	291647	28548	2210	7134	4834	11822	144769	151551	19096	13	18696	259	13410	4387	1500	1216	3815	1248	653	290397	259559
F1636746	4089	2311	34565	7416	17973	56450	72303	9629	81762	964	23158	39139	47604	5601	2456	33923	19375	4484	1064	105	790	497	135986	2009	977	301827	414843	404688	355776	306114	10120	552	27520	24287	29726	54561	59185	15728	216	15511	491	29250	8972	11313	3495	4610	874	238	304788	229866
F1636751	794	2445	11754	3459	9793	70193	85840	4226	15867	1783	24953	33371	5480	683	2691	3117	18557	662	1843	77	205	566	96025	280	327	152042	252266	243082	215131	153848	4356	1257	10265	4238	2954	6593	9512	16282	236	16133	130	2366	1292	2239	253	369	294	213	153660	115352
F1636752	1756	1850	9073	5230	18435	40845	48842	40068	35101	5350	55067	105708	19752	2024	5204	15411	10889	5297	3690	348	234	932	67411	2791	1517	160606	358857	352422	268066	162598	41652	3876	3809	4916	1190	13654	13246	38374	269	35354	1584	11140	7151	4431	1722	2525	1500	732	162269	111660
F1636761	1172	918	5978	2401	6174	61293	76347	35303	23430	6952	35887	73499	2540	3915	6791	3591	19923	144	3468	2647	476	200	210199	863	721	267602	409761	401363	365115	270521	35566	3982	3667	11699	13660	125069	133707	22658	9	22350	263	451	220	447	1881	1627	1029	1463	270250	238246
F1636801	867	1950	9915	1248	5979	30315	44764	68134	17325	7417	49237	128252	11497	4144	443	7476	10534	357	395	6	8	34	88748	1041	417	172361	402355	374565	331786	174250	68958	5451	7308	4138	3859	43756	43625	34797	111	34140	824	6176	2050	3008	1367	1834	356	1016	173824	120288
F1636803	1169	1152	1644	4849	6380	8249	14593	14975	23370	1179	20412	40206	4186	2449	14123	16162	10550	6117	2463	1445	9250	965	33825	15	488	85762	131573	120136	91814	86723	15371	861	1109	213	772	12578	13102	15325	134	15045	396	1419	7103	365	1278	277	1171	204	86591	59855
F1636835	2240	3899	34806	8411	16204	72018	101215	7597	44785	6235	61317	79571	24329	1944	11580	26261	40591	110	6840	1151	2002	1587	173351	1634	1456	363523	503664	485676	373448	367439	10985	4780	28327	466	2270	58799	72025	39093	289	38387	3388	18520	5524	1594	4534	4071	1143	819	366939	227601
F1636849	468	1371	3180	624	2240	6171	12328	46731	9359	5206	22022	78858	3309	1432	2875	4664	4839	66	695	1112	874	194	30464	120	102	67698	296936	271938	242548	69259	47726	3578	2579	2552	2450	18023	18070	9993	149	9523	995	1814	983	646	1349	709	479	1126	69003	43606
F1636865	2106	899	20620	7020	13654	18056	29999	15633	42103	2368	19944	43625	7763	4234	12397	11631	12175	131	4725	292	6001	1379	107639	137	1869	182676	392749	378724	308990	183887	15848	1107	18031	14924	16779	73175	77507	8597	2	8287	215	4647	6485	1805	980	1023	555	797	183719	155779
F1636871	1478	654	10465	7548	9270	41845	51246	16238	29560	4507	60135	85686	5518	1161	2328	4263	13518	8	1903	191	64	170	93829	868	3093	177900	434531	421339	367445	180401	17245	3349	5931	14167	16015	37306	42573	38098	200	37058	1007	2381	863	346	1322	2762	1086	706	179206	128466
